5000.0
4984.0845455366625
4968.169488948911
4952.2552280626005
4936.342160604138
4920.4306841508005
4904.521196081093
4888.614093525165
4872.709773315315
4856.80863193657
4840.911065477385
4825.017469580449
4809.128239393636
4793.24376952111
4777.36445397458
4761.49068612475
4745.622858652949
4729.761363502987
4713.906591833215
4698.058933968837
4682.21877935446
4666.386516506919
4650.562532968377
4634.747215259716
4618.940948834233
4603.144118031655
4587.357106032492
4571.580294812725
4555.814065098857
4540.05879632333
4524.314866580334
4508.582652581994
4492.86252961498
4477.154871497525
4461.460050536872
4445.778437487164
4430.1104015077935
4414.456310122193
4398.81652917712
4383.191422802414
4367.58135337125
4351.986681460887
4336.407765813941
4320.844963300175
4305.298628878803
4289.769115561367
4274.25677437512
4258.761954327003
4243.285002368157
4227.826263359019
4212.386080034992
4196.964792972704
4181.562740556853
4166.180258947648
4150.817682048867
4135.475341476511
4120.153566528077
4104.85268415246
4089.5730189204623
4074.314892995958
4059.078626107664
4043.8645355215763
4028.672936014025
4013.5041398453914
3998.3584567344687
3983.236193833473
3968.1376557037065
3953.063144291883
3938.012958907112
3922.987396198532
3907.9867501336244
3893.0113119771686
3878.061370270881
3863.1372108137048
3848.2391166427665
3833.3673680150055
3818.5222423894593
3803.7040144102116
3788.9129558900113
3774.149335794553
3759.4134202274076
3744.705472415625
3730.0257526959904
3715.374518501935
3700.752024351096
3686.1585218335395
3671.5942596006203
3657.0594833544933
3642.554435838262
3628.0793568267736
3613.634483118041
3599.220048525302
3584.8362838697008
3570.4834169736005
3556.1616726545067
3541.871272719608
3527.61243596093
3513.385378151086
3499.1903120396305
3485.0274473500162
3470.8969907771198
3456.79914598537
3442.7341136074433
3428.702091243531
3414.7032734611726
3400.7378517956545
3386.80601475095
3372.9079478012122
3359.0438333928114
3345.2138509468946
3331.418176862472
3317.656984520044
3303.9304442857033
3290.2387235157776
3276.581986561945
3262.9603947768605
3249.374106520244
3235.823277165463
3222.3080591065714
3208.828601765817
3195.3850516015937
3181.9775521168463
3168.6062438679096
3155.271264473776
3141.9727486257857
3128.7108280977327
3115.485631756372
3102.297285572332
3089.145912631411
3076.0316331462523
3062.9545644684067
3049.9148211007455
3036.9125147102377
3023.947754141084
3011.0206454281756
2998.1312918109084
2985.2797937472983
2972.466248928436
2959.69075229324
2946.9533960435087
2934.2542696592777
2921.5934599144484
2908.9710508927024
2896.3871240036938
2883.841757999479
2871.3350289912237
2858.8670104661524
2846.4377733047236
2834.0473857980455
2821.69591366552
2809.3834200726888
2797.1099656492997
2784.8756085075624
2772.6804042606113
2760.5244060411405
2748.4076645202254
2736.3302279263103
2724.292142064367
2712.2934503352035
2700.3341937549253
2688.4144109745407
2676.5341382997
2664.693409710569
2652.892256881811
2641.130709202711
2629.408793797377
2617.72653554507
2606.083957100617
2594.4810789149224
2582.9179192555484
2571.3944942273947
2559.9108177934336
2548.4669017955134
2537.0627559752297
2525.6983879948384
2514.3738034582284
2503.08900593193
2491.8439969661617
2480.6387761159117
2469.4733409620403
2458.347687132412
2447.2618083230295
2436.2156963191974
2425.2093410166717
2414.242730442827
2403.3158507778116
2392.428686375692
2381.581219785593
2370.77343177281
2360.00530133991
2349.276805747794
2338.58792053674
2327.9386195474053
2317.3288749417898
2306.7586572241617
2296.227935261927
2285.7366763064597
2275.284846013869
2264.8724084657165
2254.4993261896634
2244.1655601800576
2233.8710699184594
2223.6158133940817
2213.399747124166
2203.2228261742803
2193.085004178532
2182.9862333597016
2172.9264645492867
2162.90564720746
2152.923729442932
2142.980658032729
2133.0763784418555
2123.21083484288
2113.3839701354004
2103.5957259654174
2093.8460427445993
2084.1348596694334
2074.4621147402736
2064.8277447802707
2055.2316854541978
2045.6738712871454
2036.1542356831133
2026.6727109434707
2017.229228285308
2007.8237178596557
1998.4561087695815
1989.1263290881689
1979.8343058763592
1970.5799652006701
1961.3632321507912
1952.1840308570333
1943.0422845076632
1933.9379153660948
1924.8708447879521
1915.8409932379936
1906.8482803069055
1897.8926247279571
1888.9739443935146
1880.0921563714273
1871.2471769212652
1862.4389215104222
1853.6673048300838
1844.932240811044
1836.2336426393924
1827.5714227720553
1818.9454929521967
1810.3557642244746
1801.802146950162
1793.284550822119
1784.8028848796246
1776.3570575230729
1767.9469765285091
1759.5725490620491
1751.2336816941272
1742.9302804136225
1734.662250641838
1726.429497246329
1718.2319245545964
1710.0694363676375
1701.9419359733506
1693.8493261597998
1685.7915092283422
1677.7683870066044
1669.7798608613225
1661.8258317110508
1653.9062000387078
1646.020865904005
1638.1697289557196
1630.3526884438418
1622.569643231567
1614.8204918071663
1607.1051322957046
1599.4234624706367
1591.7753797652442
1584.1607812839677
1576.57956381357
1569.031623834192
1561.5168575302516
1554.035160801228
1546.586429272297
1539.1705583048513
1531.787443006869
1524.4369782431652
1517.1190586455107
1509.8335786226185
1502.5804323700036
1495.3595138797125
1488.170716949928
1481.0139351944474
1473.8890620520356
1466.7959907956456
1459.7346145415331
1452.7048262582282
1445.7065187753901
1438.739584792556
1431.8039168877456
1424.8994075259595
1418.0259490675662
1411.183433776542
1404.3717538286362
1397.5908013193796
1390.8404682720065
1384.120646645246
1377.4312283410077
1370.7721052119523
1364.1431690689537
1357.544311688442
1350.9754248196496
1344.436400191737
1337.9271295208189
1331.4475045168786
1324.9974168905783
1318.5767583599652
1312.185420657071
1305.823295534412
1299.4902747713854
1293.1862501805608
1286.9111136138802
1280.664756968752
1274.4470721940413
1268.2579512959824
1262.0972863439704
1255.9649694762818
1249.8608929056734
1243.7849489249156
1237.7370299122115
1231.7170283365367
1225.7248367628827
1219.7603478574135
1213.823454392535
1207.914049251863
1202.0320254351295
1196.1772760629767
1190.3496943816865
1184.5491737678046
1178.7756077327094
1173.0288899270706
1167.3089141452417
1161.6155743295708
1155.9487645746294
1150.3083791313554
1144.6943124111397
1139.1064589898083
1133.5447136115497
1128.0089711927521
1122.499126825781
1117.0150757826714
1111.5567135187514
1106.1239356761964
1100.7166380875035
1095.3347167789161
1089.9780679737526
1084.6465880956853
1079.3401737719494
1074.0587218364744
1068.8021293329666
1063.5702935179118
1058.3631118635205
1053.180482060614
1048.0223020214305
1042.8884698823954
1037.7788840068058
1032.6934429874725
1027.6320456492924
1022.5945910517631
1017.5809784914468
1012.5911075043699
1007.6248778683628
1002.6821896053573
997.7629429836187
992.8670385199207
987.9943769816788
983.1448593890202
978.3183870168083
973.5148613966072
968.7341843186083
963.9762578334964
959.2409842542695
954.5282661580106
949.8380063876149
945.1701080534613
940.5244745350425
935.9010094825531
931.2996168184259
926.720200738821
922.1626657150837
917.6269164951448
913.112858104885
908.6203958494614
904.1494353145775
899.699882367732
895.2716431594106
890.8646241242476
886.4787319821438
882.1138737393499
877.7699566895064
873.4468884146498
869.1445767861835
864.86292996581
860.6018564064186
856.36126485296
852.1410643432645
847.9411642088342
843.7614740756034
839.6019038646677
835.4623637929687
831.3427643739617
827.2430164182416
823.1630310341428
819.1027196283052
815.0619939062107
811.040765872695
807.0389478324201
803.0564523903307
799.0931924520715
795.1490812243815
791.2240322154588
787.3179592353057
783.4307763960368
779.5623981121712
775.712739100885
771.8817143822574
768.0692392794805
764.2752294190407
760.4996007308885
756.7422694485762
753.0031521093756
749.2821655543731
745.5792269285374
741.8942536807756
738.2271635639578
734.5778746349271
730.9463052544805
727.3323740873452
723.7360001021124
720.1571025711764
716.5956010706336
713.0514154801684
709.5244659829334
706.0146730653884
702.5219575171437
699.0462404307668
695.5874432015894
692.1454875274802
688.7202954086137
685.3117891472223
681.9198913473188
678.5445249144205
675.1856130552484
671.8430792774094
668.5168473890733
665.2068414986226
661.9129860143012
658.6352056438379
655.3734253940565
652.1275705704894
648.8975667769544
645.6833399151321
642.484816184128
639.3019220800248
636.1345843954173
632.9827302189361
629.846286934766
626.7251822221481
623.6193440548648
620.5287007007295
617.45318072105
614.3927129700887
611.3472265945169
608.3166510328443
605.3009160148576
602.2999515610323
599.3136879819549
596.3420558777074
593.3849861372726
590.4424099379125
587.5142587445476
584.6004643091143
581.7009586699356
578.8156741510624
575.9445433616191
573.0874991951405
570.2444748288976
567.4154037232221
564.6002196208137
561.7988565460537
559.0112488043003
556.2373309811836
553.4770379418944
550.7303048304653
547.9970670690468
545.277260357168
542.5708206710177
539.8776842626819
537.1977876594156
534.5310676628761
531.8774613483756
529.2369060641126
526.6093394304058
523.9946993389239
521.3929239519125
518.8039517014012
516.2277212884362
513.6641716822771
511.11324211961096
508.57487210375604
506.0490014038535
503.5355700540776
501.03451835281265
498.5457868618514
496.06931640558344
493.6050480701657
491.15292320272124
488.712883410497
486.2848705600475
483.8688267764114
481.4646944422697
479.07241619711994
476.69193493643803
474.3231938108429
471.96613622525035
469.62070583803506
467.2868465601937
464.9645025544862
462.6536182345921
460.3541382642704
458.06600755649674
455.789171272618
453.5235748214983
451.2691638586616
449.0258842854376
446.79368224810247
444.5725041370245
442.36229658580294
440.1630064704062
437.9745809083114
435.796967257645
433.63011311631726
431.4739663211669
429.3284749470848
427.19358730616307
425.06925194682213
422.9554176529507
420.85203344303727
418.75904856931487
416.67641251687843
414.60407500284003
412.54198597544513
410.49009561322504
408.44835432412026
406.41671274461686
404.3951217388857
402.3835323979184
400.38189603866294
398.39016420315573
396.4082886576706
394.4362213918438
392.4739146178136
390.52132076937323
388.57839250109004
386.64508268746715
384.7213444220639
382.8071310166528
380.90239600035744
379.0070931187929
377.1211763332176
375.2445998196736
373.37731796813034
371.5192853816452
369.67045687549654
367.830787476344
366.0002324213815
364.17874715747587
362.3662873403426
360.5628088336749
358.76826770832594
356.9826202414462
355.20582291565586
353.43783241820176
351.67860564011096
349.9280996753724
348.1862718200815
346.45307957162817
344.7284806278432
343.01243288618576
341.3048944429119
339.60582359223605
337.9151788255185
336.23291883044215
334.5590024901849
332.89338888259954
331.2360372794017
329.586907145354
327.94595813744127
326.313150104075
324.68844308427157
323.07179730684175
321.46317318959296
319.8625313385229
318.2698325470094
316.68503779502004
315.1081082483059
313.5390052576104
311.97769035787434
310.4241252674388
308.87827188726266
307.34009230012356
305.8095487698452
304.2866037405085
302.77121983565894
301.2633598575463
299.7629867863333
298.270063779327
296.784554170202
295.3064214682346
293.8356293575291
292.3721416962561
290.9159225158861
289.4669360204271
288.0251465856743
286.5905187584341
285.16301725579103
283.74260696434044
282.32925293944635
280.9229204044859
279.5235747501183
278.13118153352184
276.7457064776689
275.36711547058655
273.9953745646082
272.6304499756599
271.27230808250675
269.92091542604385
268.5762387085569
267.23824479301067
265.9069007023064
264.5821736185922
263.26403088252107
261.9524399925445
260.6473686042114
259.34878452944264
258.0566557358347
256.7709503459508
255.49163663662037
254.21868303823967
252.95205813407284
251.69173065956224
250.43766950163325
249.18984369799443
247.94822243647738
246.71277505431743
245.48347103750248
244.26028002007146
243.04317178344647
241.83211625576163
240.6270835111789
239.4280437692264
238.23496739413832
237.04782489417013
235.86658692094912
234.69122426881881
233.5217078741738
232.3580088148012
231.20009830923686
230.04794771611648
228.9015285335099
227.76081239830663
226.62577108554265
225.49637650777743
224.37260071445783
223.25441589126814
222.14179435951363
221.0347085754828
219.93313112981514
218.83703474688537
217.74639228417792
216.66117673165724
215.581361211165
214.506918975786
213.43782340925833
212.37404802534232
211.31556646721802
210.26235250689257
209.21438004457272
208.1716231080839
207.13405585226096
206.10165255836264
205.07438763346698
204.052235609881
203.03517114455965
202.02316901851754
201.01620413623166
200.01425152508318
199.0172863347589
198.02528383668133
197.03821942343544
196.05606860819324
195.0788070241495
194.10641042394826
193.1388546791196
192.1761157795198
191.21816983277188
190.26499306370275
189.31656181378543
188.37285254059947
187.43384181726861
186.4995063319046
185.5698228870893
184.64476839930268
183.72431989838844
182.80845452702286
181.89714954016762
180.9903823045543
180.08813029811776
179.19037110950075
178.2970824375067
177.40824209057084
176.52382798626604
175.6438181507428
174.7681907182358
173.8969239305367
173.02999613648333
172.1673857914523
171.3090714568468
170.45503179957743
169.60524559157136
168.759691709264
167.91834913309427
167.081196947024
166.24821433800722
165.41938059553286
164.59467511110046
163.77407737775533
162.95756698959386
162.1451236412605
161.33672712749055
160.53235734261096
159.73199428006657
158.93561803194228
158.14320878849227
157.35474683766626
156.57021256462374
155.7895864512909
155.01284907587126
154.23998111239845
153.47096333025354
152.70577659373473
151.94440186156967
151.186820186475
150.43301271469326
149.68296068555583
148.93664543101323
148.1940483751959
147.45515103398213
146.719935014529
145.98838201484853
145.26047382335767
144.53619231844215
143.8155194680354
143.09843732915766
142.3849280475006
141.6749738570077
140.96855707941688
140.2656601238637
139.56626548643396
138.87035574975872
138.17791358258364
137.48892173935792
136.80336305981075
136.1212204685418
135.44247697461356
134.76711567112017
134.09511973480093
133.4264724256287
132.76115708639063
132.09915714231076
131.44045610061573
130.78503755016425
130.13288516102946
129.48398268412882
128.83831395079883
128.1958628724209
127.55661344002885
126.92054972391446
126.28765587325161
125.65791611570114
125.03131475703626
124.40783618074936
123.7874648476914
123.17018529567154
122.55598213910135
121.94484006860411
121.33674385066064
120.73167832721344
120.12962841532118
119.53057910677944
118.93451546776718
118.34142263845787
117.75128583269019
117.16409033756531
116.57982151315572
115.99846479206666
115.420005679134
114.8444297510675
114.27172265607122
113.7018701135193
113.13485791359669
112.57067191695528
112.00929805436756
111.45072232636917
110.89493080294837
110.34190962317433
109.79164499488101
109.24412319430986
108.69933056578358
108.15725352138283
107.61787854059098
107.08119216998382
106.54718102288727
106.01583177905157
105.48713118433871
104.96106605037055
104.43762325422882
103.91678973813261
103.39855250910702
102.88289863866567
102.36981526249085
101.85928958015195
101.35130885473566
100.84586041257236
100.3429316429206
99.8425099976448
99.34458299090883
98.84913819888418
98.35616325943047
97.86564587179548
97.37757379632538
96.89193485413213
96.40871692683444
95.92790795622456
95.44949594399817
94.97346895144393
94.49981509915072
94.02852256673027
93.5595795925109
93.09297447323864
92.62869556382768
92.16673127702813
91.70707008317272
91.24970050987991
90.79461114176904
90.34179062018727
89.89122764292752
89.44291096394913
88.99682939309206
88.55297179582587
88.11132709293877
87.67188426030624
87.23463232857266
86.79956038292742
86.36665756280064
85.9359130616184
85.50731612651435
85.08085605808941
84.65652221013568
84.23430398935655
83.81419085513822
83.3961723192692
82.98023794567227
82.56637735018136
82.15458020024575
81.74483621471074
81.33713516352054
80.93146686750875
80.52782119813092
80.1261880772008
79.72655747666224
79.3289194183188
78.93326397362466
78.53958126338344
78.14786145756624
77.75809477500668
77.37027148321481
76.9843818981071
76.60041638375506
76.21836535218621
75.83821926310297
75.45996862368001
75.08360398831215
74.70911595840417
74.33649518208559
73.96573235403186
73.59681821521849
73.22974355268441
72.86449919931079
72.5010760335756
72.13946497935602
71.77965700570451
71.421643126592
71.0654144007081
70.71096193124241
70.35827686565584
70.00735039545076
69.65817375599534
69.3107382262561
68.96503512859769
68.62105582858185
68.2787917347463
67.93823429837792
67.59937501333148
67.26220541578017
66.92671708403503
66.59290163832355
66.26075074057854
65.93025609425612
65.60140944409115
65.274202575921
64.94862731647227
64.62467553316485
64.30233913388079
63.98161006682571
63.66248032024521
63.34494192231341
63.02898694087779
62.71460748325644
62.401795696096926
62.09054376510946
61.780843914951646
61.47268840896659
61.1660695490331
60.860979675343266
60.55741116624282
60.25535643802964
59.954807944754634
59.655758178052984
59.35819966693822
59.06212497764757
58.76752671341028
58.47439751429472
58.18273005703957
57.89251705484057
57.603751257169954
57.316425449634124
57.03053245375668
56.74606512679848
56.463016361607316
56.181379086439755
55.901146264743005
55.62231089503106
55.34486601068807
55.06880467979953
54.79412000495135
54.52080512311402
54.248853205438586
53.978257457069965
53.70901111701441
53.44110745796884
53.174539786095885
52.90930144094746
52.64538579523428
52.382786254682344
52.12149625784173
51.86150927600171
51.60281881291279
51.34541840474468
51.089301619821455
50.834462058535166
50.58089335313641
50.328589167632536
50.07754319757572
49.82774916991013
49.57920084286098
49.33189200571879
49.08581647876311
48.84096811302815
48.59734079017848
48.35492842237885
48.11372495212231
47.8737243520725
47.63492062493166
47.39730780328418
47.16087994945054
46.92563115532885
46.691555542249546
46.45864726085692
46.22690049090895
45.99630944117865
45.7668683493191
45.53857148165945
45.311413133121185
45.085387627042365
44.86048931505759
44.636712576937036
44.41405182046451
44.192501481302465
43.972056022804026
43.75270993595753
43.53445773917026
43.31729397816851
43.101213225901574
42.88621008229452
42.67227917423161
42.4594151553714
42.247612706005
42.03686653292294
41.827171369329555
41.618521974617394
41.41091313437217
41.2043396601096
40.998796389222406
40.7942781848386
40.5907799356865
40.38829655593755
40.18682298516326
39.9863541881139
39.7868851546606
39.5884108996086
39.390926462666485
39.19442690821747
38.99890732525047
38.80436282725465
38.61078855207154
38.41817966174222
38.22653134246047
38.035838804382934
37.84609728156879
37.657302031813906
37.46944833655536
37.2825315007531
37.09654685277041
36.9114897442272
36.72735554996554
36.544139667843766
36.36183751865092
36.18044454605239
35.999956216365106
35.82036801854939
35.64167546402544
35.4638740866036
35.2869594423322
35.11092710945497
34.93577268821329
34.761491800804244
34.58808009122718
34.415533225240544
34.2438468901481
34.07301679480193
33.90303866940344
33.73390826547809
33.565621355707115
33.39817373385298
33.23156121463861
33.06577963364936
32.900824847259116
32.73669273244289
32.57337918678182
32.41088012828992
32.24919149533651
32.088309246505645
31.9282293605604
31.768947836336885
31.610460692553158
31.452763967812977
31.295853720467097
31.13972602853626
30.984376989535548
30.829802720490417
30.675999357752417
30.522963056971484
30.37068999292459
30.219176359456597
30.06841836943035
29.918412254573813
29.769154265369796
29.620640671004764
29.472867759322032
29.325831836579564
29.179529227547945
29.033956275233084
28.88910934091749
28.74498480403085
28.601579062061315
28.458888530380438
28.316909642351675
28.17563884904011
28.035072619241404
27.895207439303103
27.756039813158523
27.61756626213509
27.479783324897628
27.342687557397237
27.206275532730775
27.070543841111267
26.93548908969044
26.801107902632634
26.667396920848635
26.534352802042452
26.401972220557916
26.27025186732873
26.139188449795288
26.008778691822705
25.879019333561544
25.749907131506973
25.621438858214677
25.493611302433962
25.366421268878494
25.239865578172726
25.11394106680685
24.98864458709679
24.86397300698943
24.73992321008113
24.616492095477195
24.493676577798656
24.3714735869863
24.249880068338893
24.128892982330747
24.00850930468322
23.888726026104006
23.769540152343257
23.65094870410976
23.53294871690698
23.41553724107869
23.298711341658006
23.182468098277347
23.066804605180824
22.951717971047973
22.837205319047346
22.7232637866461
22.609890525573036
22.49708270180439
22.38483749540735
22.27315210051411
22.162023725284957
22.05144959174369
21.941426935805364
21.831953007204177
21.723025069280872
21.61464039913064
21.50679628738248
21.3994900381493
21.292718969010032
21.1864804109548
21.080771708238856
20.97559021835483
20.87093331200812
20.766798372991754
20.663182798159898
20.5600839973188
20.45749939321258
20.3554264214376
20.253862530387597
20.15280518115632
20.05225184748269
19.9522000157705
19.85264718489
19.753590866251212
19.65502858355313
19.556957873000016
19.45937628298526
19.362281374118492
19.26567071922189
19.169541903204454
19.07389252301703
18.978720187580816
18.884022517756538
18.78979714629333
18.696041717679567
18.602753888194027
18.50993132580483
18.41757171010101
18.32567273223648
18.234232094916408
18.143247512239522
18.052716709705454
17.96263742426591
17.873007404014082
17.7838244083541
17.69508620783219
17.606790584172405
17.51893533007574
17.4315182492762
17.34453715654572
17.25798987740147
17.171874248322133
17.086188116544555
17.000929340013197
16.91609578739679
16.831685337963844
16.74769588159188
16.6641253185986
16.580971559881128
16.498232526673846
16.415906150635276
16.33399037371373
16.252483148082
16.17138243619897
16.09068621064077
16.010392454079803
15.930499159285397
15.851004329055977
15.77190597603853
15.69320212294058
15.614890802193097
15.536970056159417
15.459437936897968
15.382292506178926
15.305531835462622
15.229154005833628
15.153157107863922
15.077539241796558
15.00229851724922
14.927433053212383
14.852940978225575
14.778820429994045
14.70506955560138
14.631686511377003
14.558669462799433
14.486016584511672
14.413726060255291
14.341796082879021
14.270224854146516
14.199010584897174
14.128151494770675
14.057645812438079
13.987491775274584
13.917687629513606
13.848231630148781
13.779122040758331
13.710357133723837
13.641935189927048
13.573854498965554
13.506113358798448
13.438710076037822
13.371642965588851
13.304910350851946
13.238510563564985
13.172441943790975
13.106702839874936
13.04129160839396
12.976206614096835
12.91144622989356
12.84700883687815
12.782892824182573
12.719096588859676
12.655618536122894
12.592457079051687
12.529610638650082
12.467077643807846
12.404856531261048
12.342945745513786
12.281343738784589
12.220048971190657
12.15905991028877
12.098375031430225
12.037992817571675
11.977911759167258
11.918130354199423
11.858647108209121
11.799460534180572
11.740569152422308
11.681971490732357
11.623666084179447
11.565651475210862
11.507926213429354
11.450488855798358
11.39333796640535
11.336472116469844
11.279889884393945
11.223589855717968
11.167570622869615
11.111830785509095
11.05636895007184
11.001183730116086
10.946273746003044
10.891637625039229
10.837274001306396
10.783181515797724
10.729358816242796
10.675804556975102
10.622517399334468
10.569496011050779
10.516739066640248
10.46424524726613
10.412013240490374
10.360041740660023
10.30832944844131
10.256875071095749
10.20567732227862
10.154734922035876
10.104046596815254
10.053611079519868
10.003427109180993
9.953493431337055
9.903808797533225
9.8543719658169
9.805181700160881
9.756236770913853
9.707535954436182
9.659078033262603
9.610861795908717
9.562886037023205
9.515149557251638
9.467651163152038
9.420389667284867
9.373363888187138
9.326572650220188
9.280014783594343
9.23368912433625
9.187594514428767
9.141729801410396
9.096093838758588
9.050685485597654
9.005503606718465
8.960547072521148
8.915814759159911
8.871305548420404
8.827018327417125
8.782951989160399
8.739105431872305
8.695477559484644
8.652067281266069
8.608873512003287
8.565895171875955
8.523131186375931
8.480580486504515
8.438242008490775
8.396114693785414
8.354197489310344
8.312489347174589
8.270989224591705
8.2296960841263
8.188608893473996
8.147726625431886
8.107048258015592
8.066572774153006
8.026299162066971
7.986226414976406
7.946353530908341
7.90667951324084
7.8672033699437725
7.827924114333737
7.788840764240859
7.749952342682999
7.711257877464558
7.6727564011986615
7.634446951404533
7.596328570386088
7.5584003050291795
7.520661207338989
7.483110333714672
7.445746745414032
7.408569508343987
7.371577693146223
7.334770374986447
7.298146633707816
7.261705553773647
7.22544622403445
7.189367738121734
7.153469193988881
7.1177496942993965
7.082208345959787
7.046844260589136
7.011656553881908
6.976644346325882
6.941806762546449
6.907142931630155
6.872651987029793
6.838333066394929
6.804185311796226
6.770207869559047
6.7363998902425095
6.702760528619142
6.669288943747606
6.6359842988605395
6.602845761354069
6.569872502750846
6.537063698686488
6.504418528961947
6.471936177431985
6.439615832150599
6.407456684988943
6.375457932132034
6.343618773421816
6.311938412944458
6.280416058813433
6.249050922780033
6.217842220897092
6.186789172860194
6.155891002406396
6.125146937001176
6.0945562080633495
6.064118050915173
6.0338317045573975
6.0036964117851195
5.9737114192451095
5.9438759773704755
5.914189340232764
5.884650765676304
5.855259515251655
5.826014854163835
5.796916051292655
5.767962379238334
5.739153114049717
5.710487535554593
5.681964927188995
5.653584575727885
5.625345771809602
5.597247809461953
5.569289986128089
5.541471602985127
5.513791964468998
5.4862503786972106
5.458846156977068
5.4315786144428895
5.40444706914394
5.377450843094537
5.350589261048308
5.323861651752901
5.297267346822226
5.270805681583192
5.244475994349142
5.218277626956613
5.1922099244596716
5.1662722350226815
5.140463910362784
5.114784305321591
5.0892327776476485
5.06380868887954
5.038511403131841
5.0133402882062565
4.988294714702956
4.963374056460589
4.9385776905544425
4.913904996958716
4.889355358992094
4.86492816285554
4.840622797854149
4.816438656392226
4.792375133842632
4.768431628539389
4.7446075421184775
4.7209022786790955
4.697315245835627
4.673845853868428
4.65049351595369
4.627257648375441
4.604137670152695
4.581133003386426
4.558243072862057
4.5354673064075275
4.5128051346196605
4.4902559908364355
4.467819311490723
4.445494535582764
4.423281105028971
4.401178464380916
4.379186061302937
4.357303345780844
4.335529770722173
4.3138647920615645
4.292307867817255
4.270858459351959
4.249516030301806
4.228280047182121
4.207149978967137
4.186125297566363
4.16520547713314
4.1443899949440475
4.12367833042952
4.1030699659306205
4.082564386112972
4.062161078330971
4.041859532579099
4.021659241308282
4.001559699512164
3.9815604048183113
3.9616608570118452
3.941860558684981
3.9221590149073275
3.902555733021908
3.8830502230204544
3.863641997340054
3.844330570662851
3.825115460285813
3.805996185627098
3.786972269039531
3.7680432347228883
3.749208609389467
3.730467922351597
3.7118207048597696
3.6932664910806494
3.674804816825722
3.656435220689535
3.6381572435221745
3.6199704282061753
3.6018743200386094
3.5838684668136622
3.5659524184423983
3.548125726709336
3.530387946134605
3.51273863327263
3.4951773467842426
3.477703647829236
3.4603170995141923
3.4430172669528796
3.4258037178399894
3.408676021871238
3.391633750822242
3.3746764786206263
3.35780378125358
3.3410152371795254
3.3243104262305474
3.3076889311918816
3.2911503361983936
3.274694228154452
3.258320195280776
3.2420278285490998
3.225816720555644
3.209686465761453
3.193636661257184
3.1776669056174685
3.1617767998456494
3.1459659462084177
3.130233949897887
3.1145804173245337
3.09900495725914
3.08350718036073
3.068086699247446
3.052743128012775
3.037476083575792
3.022285183915552
3.0071700496123768
2.9921303022418644
2.9771655663044148
2.962275467425738
2.947459633546859
2.932717694041014
2.9180492805443707
2.9034540260599844
2.888931566177998
2.8744815374043347
2.860103578770379
2.845797330734179
2.8315624356260067
2.817398537519553
2.80330528229726
2.789282317902982
2.7753292934163625
2.761445860101709
2.7476316710826145
2.733886380787311
2.7202096456160896
2.7066011235968044
2.6930604746498714
2.6795873602369933
2.6661814434160087
2.6528423893178803
2.6395698641625214
2.626363536148065
2.6132230753078916
2.600148153142716
2.587138442454199
2.57419361827181
2.561313357043669
2.5484973364701546
2.535745236443096
2.5230567379956534
2.510431524025197
2.4978692786801266
2.48536968808398
2.47293243995335
2.460557222730798
2.4482437276931
2.4359916467289917
2.423800673530409
2.4116705031839074
2.3996008326981806
2.3875913601172583
2.3756417855151577
2.3637518098718138
2.351921135826774
2.3401494679768535
2.3284365117397416
2.316781974591464
2.3051855646822483
2.293646992574396
2.2821659696011625
2.2707422088891485
2.25937542441972
2.248065332570296
2.236811650178036
2.225614096078658
2.214472390411908
2.203386254415724
2.192355411234165
2.181379584694119
2.170458500886644
2.1595918864217025
2.14877946949923
2.138020980222818
2.12731614961122
2.1166647096328624
2.106066394305267
2.0955209387003926
2.0850280789705233
2.0745875529435764
2.064199099623931
2.0538624592423433
2.0435773735739415
2.033343585160495
2.023160838178739
2.0130288784859727
2.0029474522876938
1.9929163075587102
1.982935194100449
1.9730038618961467
1.963122062559687
1.9532895493830555
1.9435060765321122
1.9337713990767873
1.9240852739013083
1.9144474591809886
1.9048577132427522
1.8953157969525483
1.8858214714142143
1.8763744991810534
1.8669746446009465
1.8576216720717
1.8483153481696308
1.8390554401964097
1.8298417165149274
1.8206739468956366
1.8115519022540203
1.8024753540694551
1.7934440759745618
1.7844578419366017
1.7755164269070236
1.7666196081279473
1.757767162970918
1.7489588695907634
1.7401945082456398
1.7314738597415722
1.7227967061097331
1.7141628303229595
1.7055720166550363
1.6970240500681273
1.6885187172326963
1.6800558052543013
1.6716351023582658
1.6632563986057807
1.654919484260182
1.6466241508191972
1.638370190719138
1.6301573980540813
1.62198556724597
1.6138544941089001
1.6057639751915702
1.5977138085118665
1.5897037925431061
1.581733726948628
1.5738034126187677
1.5659126517139954
1.5580612462678416
1.550249000361084
1.542475718734533
1.534741206809367
1.5270452714556177
1.5193877202945567
1.5117683617313555
1.5041870053568966
1.4966434616106687
1.4891375418146673
1.4816690585819763
1.474237824720431
1.4668436547714352
1.4594863643000224
1.4521657683850044
1.444881685102106
1.4376339313321242
1.4304223266452543
1.4232466906289574
1.4161068432965476
1.4090026070845094
1.4019338033385487
1.3949002563014496
1.3879017895713956
1.3809382285201954
1.3740093987224222
1.3671151267873727
1.3602552412125946
1.3534295695539948
1.3466379417284076
1.3398801879971733
1.3331561389803117
1.3264656269451347
1.3198084845804938
1.3131845454411064
1.3065936435543797
1.3000356142955085
1.2935102944355428
1.2870175200091083
1.2805571289249094
1.274128959704848
1.2677328515080597
1.2613686450392887
1.2550361803747008
1.2487352996346313
1.2424658452444801
1.236227660404308
1.2300205891153353
1.22384447666556
1.2176991678345754
1.2115845096538236
1.2055003491559955
1.1994465338489357
1.1934229126671603
1.187429335083816
1.1814656511211572
1.1755317118534188
1.169627368486732
1.1637524742868033
1.1579068812640205
1.1520904445070352
1.1463030174060849
1.1405444560130744
1.1348146161747084
1.1291133545111203
1.1234405289501745
1.1177959967683588
1.1121796180874761
1.1065912514239722
1.1010307577045244
1.0954979972771532
1.0899928324699562
1.0845151255808505
1.0790647394118753
1.0736415377948654
1.0682453851156954
1.0628761468510473
1.0575336880228143
1.0522178753174414
1.0469285765966083
1.041665658257148
1.0364289900496293
1.0312184402967493
1.0260338791237997
1.0208751768791786
1.015742204139318
1.0106348328296744
1.0055529351511916
1.000496384712999
0.995465054334806
0.9904588188398209
0.9854775522938778
0.9805211308273205
0.9755894304127452
0.9706823274368974
0.9657996998777391
0.9609414250261136
0.9561073812229997
0.9512974484831725
0.9465115061829737
0.9417494342342987
0.9370111143004896
0.9322964274446627
0.9276052559335216
0.9229374826605307
0.9182929905697068
0.9136716632644903
0.9090733862649281
0.9044980439719466
0.8999455221299516
0.8954157066177135
0.8909084847086332
0.8864237432281044
0.8819613698088495
0.8775212541887751
0.8731032838015887
0.8687073494975966
0.8643333404779971
0.859981148146543
0.8556506629142032
0.851341776799188
0.8470543821543607
0.8427883723457466
0.8385436397891087
0.834320078599893
0.8301175833052316
0.825936048851338
0.821775371307284
0.8176354451651369
0.8135161687852874
0.8094174376236858
0.8053391496864123
0.8012812035231153
0.7972434975417235
0.7932259300139924
0.7892284011899133
0.7852508112295249
0.7812930602029122
